[0.7045559002392957 0.21060977967978756 0.9169127569888127 0.07563872332233057 0.8755089966946031 0.968092126663749 0.8055416872966344 0.4047047345158844 0.2552680270832688 0.19029835346111612]
[0.22205120653641697 0.4510675124176483 0.5131343059286692 0.5099340026092977 0.8010014074809737 0.4476768290267584 0.7856690951217337 0.6366873071688998 0.8841585178964216 0.6497533060259169]
[0.11950393137997972 0.306143856735998 0.6210026962696451 0.135297895125719 0.4820471711955251 0.8444617503911128 0.5585765860963241 0.44256878203347083 0.08814107217741896 0.7480079870647105]
[0.42649266834773003 0.1532884764670942 0.6738626474064588 0.8332978779922614 0.19560215476598886 0.8723591957261096 0.514338724781057 0.21521055370803577 0.41829749039623276 0.07038833949152523]
[0.791149603710225 0.7004072298993148 0.9407665349369111 0.013981668290609095 0.9307358900115453 0.5244090648813559 0.6254091494128472 0.902531516789202 0.17156093789179916 0.31484583609304095]
[0.7110329343325356 0.8276557432701809 0.9187947920686417 0.1847424857537009 0.7484508384715998 0.036437150622135706 0.05010762922442047 0.8316941988785369 0.9083579234909888 0.5330014950089268]
[0.7121072945922547 0.23971278378025385 0.35991699754539597 0.7708097261308055 0.5491086822908454 0.21909202868223732 0.1304450346555166 0.7409166302363216 0.8243528538164899 0.2136640165412652]
[0.10452382771464219 0.39063711548913316 0.9874730033643644 0.8582053449645799 0.38623809882231686 0.8996508350119596 0.5441228923591002 0.31327003698631206 0.22792139319873195 0.812790418954011]
[0.5573887946128184 0.11217731861185276 0.04555750959662519 0.3506875134289197 0.11342284314239226 0.2593871776334815 0.26802187047744175 0.8584695530370139 0.15193532709376434 0.9265548760625186]
[0.15102741993372804 0.32262593646993487 0.08871318548064544 0.800070788301878 0.4486039888543094 0.6852111094349289 0.13767612922495287 0.05540468017000166 0.8165906516304845 0.45361920256244037]
[0.5380424001185967 0.26514861601094863 0.37876700874909575 0.4589627604201558 0.7135240523537495 0.7234677896290822 0.587683314636743 0.8567933649337326 0.26839825116843397 0.8697207672909945]
[0.435260518279862 0.7160644150245461 0.9195578659473725 0.4298113642738608 0.47644143051123466 0.5714815917075484 0.925098883436854 0.24604435297328264 0.0008967764812454204 0.2318062058650412]
[0.13716524364308036 0.05889275913830316 0.2196739842176706 0.03139486400313185 0.29468276446985586 0.4786492664866644 0.526176247516805 0.24074207120630564 0.592909845244557 0.0659913317368046]
[0.46522919757596326 0.7410637080101946 0.9798502268504362 0.9861731276513398 0.11002891639540435 0.5702584217608683 0.45306301909275504 0.8641784045243779 0.3786706135641221 0.20929724631741498]
[0.43868349692464836 0.29275205041100727 0.19831296727695258 0.47659039040426077 0.4548544249209082 0.7021104146226502 0.993601492322284 0.67665030971904 0.8151050207082787 0.22340757026137403]
[0.6490745857537609 0.3333412118474911 0.5663024950107667 0.8408969196406706 0.5634970666702013 0.5452566067308825 0.3046480931162445 0.29219085339369655 0.16384506309966418 0.6983963601953709]
[0.03748840964233535 0.2973103463379958 0.2356379588143549 0.6956273446633642 0.3785522312000388 0.7253528879448291 0.9635519515291366 0.6001432750573852 0.8300784881927834 0.4182246939070551]
[0.73485188077314 0.19279479834370206 0.8798374236571711 0.6929445200850802 0.0074404966267557215 0.45898463008069734 0.8782750059531863 0.07313075161922233 0.09123562853910616 0.8053489003768443]
[0.5101380348178746 0.6481443794305659 0.7546755875757731 0.024320180254980284 0.43994077384606955 0.43268512822155625 0.24376157264991283 0.5760149337813627 0.869018348238428 0.9434331345428392]
[0.9054669149018314 0.5120359561884766 0.2161353756708123 0.9761085368418819 0.30315682503690367 0.252029722854877 0.1537907393189225 0.3195636238840759 0.7870255968341979 0.8483393109861096]
[0.25119991762038996 0.27176307912315656 0.6672559616976368 0.5137992321512128 0.8856783160039279 0.6169235759081452 0.26826134617802067 0.8772335871327284 0.8001419642561894 0.37382861544360224]
[0.9399308043337817 0.33666474684340286 0.29012519951360927 0.31502016376549236 0.944881510012144 0.4307370099911577 0.4561871206913679 0.5026494873389483 0.6283926711319682 0.9971588143843645]
[0.6482580502290651 0.5821889101936892 0.02097806195794516 0.2355893538817826 0.6424754182573253 0.6825455488023907 0.1481637940304753 0.20834409059505954 0.6953420670377274 0.7625937781255201]
[0.3145310514829329 0.38112660765857276 0.015578488787378775 0.9258332043652964 0.023202758018221026 0.08594425638842418 0.3379935086182212 0.631996658544413 0.4427025160084396 0.2319606598585936]
[0.2963498074349925 0.4177536847970599 0.8861398057011035 0.15578573936754447 0.1899871653659847 0.5460005924384986 0.21565961200382255 0.17036614174261722 0.30339263319136744 0.08779315699895385]
[0.6858319474458116 0.6019428808069771 0.31084164419939886 0.6039603753273873 0.5288706019220137 0.8489206631777245 0.7983547384925035 0.6726741227660177 0.19826532211247105 0.7571764876017084]
[0.3588266308820828 0.9536810731572422 0.19101681419610894 0.9791501717182133 0.8370919732266392 0.2469484484988439 0.93163004624736 0.5480910247630468 0.2765065072639459 0.5530818214352757]
[0.5179814684902061 0.348042428579333 0.9681329899425531 0.32777161154047496 0.4470580567986031 0.5553904974069159 0.9663031436092281 0.8241590299719374 0.07824524104815334 0.33681530467101695]
[0.8509580903297984 0.4024793557456714 0.4921880854614099 0.6228072637561115 0.6370016952318276 0.4595407232814649 0.40711323168605973 0.012091166910808915 0.845016418202816 0.16272989240697766]
[0.497224960534861 0.9110578549577726 0.16152972179671998 0.837002948412108 0.35478349344322024 0.4691337809526316 0.0469570545890754 0.47992313219491245 0.624978139119507 0.6759746368013777]
[0.3621969216916804 0.32264333752431695 0.08430578708315672 0.1239864686313813 0.8523261273043935 0.29204007131985044 0.8817649584675632 0.07255975404680537 0.5864629470339989 0.34485834953481975]
[0.2519087422464057 0.22854209450522178 0.9600212332464404 0.5304093664389721 0.6312355911241297 0.7989266959395631 0.18987958822510043 0.7785464989505592 0.4818610211155463 0.97522026166331]
[0.4865841758046474 0.3384493697361065 0.201314790325676 0.06137290783164606 0.0733330553625926 0.7547770486461838 0.032033864184475735 0.16008930978659464 0.7802007969275752 0.03963272617696412]
[0.5518580544109375 0.45562694880432264 0.4924635147298644 0.4151936027678117 0.6965111397830644 0.25060034623154526 0.403385942393095 0.8272211260563581 0.11834118130554294 0.79020329394368]
[0.2903199557983349 0.8157788730923431 0.6472684652429337 0.1752667211998301 0.8947417720973684 0.9749871595136956 0.7014387143315979 0.34381924643183637 0.4625873003404396 0.11936726096019235]
[0.41785171949686284 0.6938581830593141 0.3034333834822819 0.6604487581419094 0.9359546530497168 0.31860252407167866 0.011313733249162738 0.9606588728063717 0.09822912248525606 0.2533269605130638]
[0.8629610250728862 0.8552817657630163 0.7996651778123973 0.3858804595901766 0.20071825844795343 0.5384700552137369 0.8186426359386281 0.19804693058010614 0.19587703757374808 0.06357290140161542]
[0.639101669242712 0.08576139666095095 0.8514153442527675 0.6916716282176765 0.1611840694821004 0.0016211597786557341 0.836803141675724 0.33168529054691753 0.648053311040276 0.3186404479367143]
[0.49700939284582346 0.547992608137089 0.9620919422932614 0.8934617245209772 0.100023684794323 0.8374273793427931 0.7823154104921239 0.01219318182906326 0.24486708340218544 0.699570636141491]
[0.6139235848722441 0.7292511755705596 0.6069728596559898 0.6537944641340312 0.4892392054908413 0.8635944800101156 0.9598444410171567 0.45103531540219266 0.8231997597622924 0.9013582052456531]
[0.5362751833817061 0.43427162263551444 0.2527973275637342 0.410877698350794 0.6020403068204068 0.06567826773913144 0.6387260268038967 0.5475055231153954 0.7198952490413391 0.3870392621654186]
[0.795675482048154 0.2824286826815544 0.36385115314844874 0.49349168380363095 0.4615160284455805 0.5257431486202424 0.2643696340795082 0.8016111152931957 0.7819806292896914 0.1998635137083924]
[0.25912905226612704 0.2552963162687767 0.6967287840941018 0.14937500175459473 0.6878296395855065 0.7569988236308786 0.340427141714566 0.5389173475712012 0.6245973442894218 0.11909556911827113]
[0.2776371648507009 0.3243327942642995 0.5282875909211338 0.8767482890985044 0.04677378363439455 0.4071078300859602 0.5836836561125444 0.6823205211137239 0.05377153426664949 0.2667601363422498]
[0.9362518508961608 0.8247025495800476 0.5268943727150203 0.4031810333395809 0.5756186464574073 0.7930078665162782 0.4335620736401573 0.7733296257248768 0.3310046243560971 0.8864857242774685]
[0.1850758586206911 0.1484472320580431 0.25455408764263576 0.5522077471098833 0.5418420197661914 0.5088858892631218 0.29250247497424675 0.27535164284517366 0.44126946761162733 0.2230233232791048]
[0.2570734589848508 0.6498573544322775 0.6144836867676772 0.19868957512854468 0.3447191908334183 0.3943569719448664 0.1874803314695398 0.35310620674371307 0.5825958426231695 0.07843224774655477]
[0.8240366507623398 0.04072176027247554 0.5513950456620116 0.6067732719631308 0.028223376208647677 0.9420924032110154 0.25050352560205225 0.9513585828491358 0.20735188042100505 0.7168401863997407]
[0.7937166638504846 0.9544442088895064 0.6426007601517879 0.34596011591923637 0.12260924124048722 0.6920479975535051 0.01326140624654748 0.43718992461200834 0.7311767141944059 0.07952387636762481]
[0.7489126869580338 0.20030137229191025 0.1705101424605966 0.8878941373156514 0.9280056453132397 0.05341605488158274 0.08299647329272264 0.5667504706636932 0.7392226590507424 0.6725449786323754]
[0.4921121279327122 0.14758876037641722 0.01390679212536372 0.7997564515137204 0.5828152421150178 0.363818238189503 0.22024694168374492 0.3312717814487539 0.07860681642121115 0.7667531094613224]
[0.8439369895334928 0.674458935737893 0.36940391745330814 0.21803042155198082 0.786901786956782 0.5374771975805733 0.25969178903854173 0.4839825640837784 0.7616273175463997 0.5310716933022418]
[0.2921811921274883 0.28512738547779803 0.7391332523135218 0.6181064995110869 0.06591412411978625 0.14507895876614663 0.7181946653873925 0.17785155424243027 0.3535884796261466 0.8639225245115969]
[0.5057495432328172 0.14690555786490134 0.4619508808608893 0.8294403905992754 0.5450553557112945 0.8800664120678954 0.42114052641734656 0.014983925251674246 0.8860734375077299 0.5927454814993597]
[0.8554681428844385 0.04925468844744785 0.7977060430576438 0.2717775452125625 0.4239730996306389 0.30858504924360275 0.19572560064348432 0.23071838068850803 0.4595522068169239 0.8260706486789329]
[0.3254489501431952 0.45906919025812165 0.5402082805595502 0.8446932245521781 0.5088645595028519 0.7553441342279569 0.347957200113441 0.8221154374202734 0.7352317457409084 0.10222822710188517]
[0.7462949494403778 0.02376189139230178 0.0538407816884936 0.33131315030511976 0.8270965959096265 0.08511286732121082 0.7172422629607409 0.692170795433711 0.5209206096337318 0.8512807463209212]
[0.6052973843644519 0.9252430177038448 0.32124130143349616 0.48070555651694935 0.8551975227382632 0.050443571345149874 0.11975321719254983 0.7856876664955518 0.3100647078105927 0.16966359546211285]
[0.2538420889414639 0.3789117784196525 0.6555676104417242 0.42403724616639893 0.6820973391394689 0.8199655199437763 0.32417492693356553 0.8675770947435346 0.8846691330662617 0.9282512319504257]
[0.38301496729025797 0.05929356926439422 0.33451052742878906 0.24647711582522225 0.49574552320549303 0.4249096289433193 0.9592550832215998 0.9652305449817613 0.37883261615238695 0.8328266066044245]
[0.19095153112707886 0.1654661449947471 0.4517020234378547 0.9010518131641718 0.49383778282012325 0.27821719400461853 0.07907852001363835 0.9768958985339177 0.18777469713536388 0.7624338537962143]
[0.9000251508766283 0.16255330172542592 0.260043197539775 0.3708129555946237 0.44444310161455813 0.9977928177396642 0.12904350980214374 0.9281167362843781 0.7461119627765159 0.4035263313477402]
[0.4157898912046909 0.7393207061975905 0.80754062701498 0.76613989114291 0.39260472742744157 0.21830356877086776 0.6866907688503036 0.28845962644837686 0.4115181176051821 0.18619821449606044]
[0.014696975321451755 0.9134386724758223 0.774951768179055 0.972688350225505 0.40287630756670656 0.2669566235405467 0.9092140107755903 0.210160289760965 0.3239137007561993 0.7536904309727159]
[0.5848951138138834 0.5353973272062372 0.9832695243587971 0.5835521009690183 0.4434675797732929 0.8415828131493682 0.6597453702359696 0.9827716342200288 0.5495162955051126 0.4037603086849133]
[0.32521422140407963 0.15373589447441915 0.7472331520172446 0.7931701070562148 0.038302658570944836 0.27262796435076697 0.5783572638012334 0.8425287652750159 0.41842054277906215 0.03568749359921841]
[0.3108349003473748 0.5066193564285653 0.044754542933233554 0.7859109555841458 0.8671487887851652 0.8759784313307033 0.6663558915626316 0.2328478993212394 0.8664144301827766 0.8996948117116707]
[0.47454903074896704 0.505557666603901 0.18603991107925943 0.4583013537765802 0.19464212253335134 0.21749792249204591 0.9309486226761008 0.4930491835058306 0.0951235531502691 0.5680836089762965]
[0.2894619792009673 0.8284969361584225 0.16881626392163385 0.11747544766323859 0.17429420991729405 0.7998593445951443 0.9488222352399216 0.5544686589251193 0.9444822390567711 0.5011480424692776]
[0.6780290807009222 0.7846164166734957 0.7637226737075222 0.795194589127208 0.7139929817330075 0.5165537804770359 0.5937592655300045 0.08557949710641521 0.8380774557198954 0.06879347923097834]
[0.4020470872511197 0.31130495402205016 0.9896840930686924 0.9629067633881974 0.5476154711726537 0.6469131421975108 0.7184780531452596 0.10923631506751952 0.17679312844499806 0.8539809468341912]
[0.2726650402238615 0.06128854708201892 0.47316912448131787 0.830857537079508 0.8822735099287273 0.7704980132871014 0.9225655617370271 0.7465822144444174 0.7063965781987986 0.530365431013276]
[0.6499306337914268 0.993549651960036 0.43700623967050833 0.2378092212016626 0.8463813830523081 0.5886770566535922 0.31658892017955265 0.6153491793756817 0.15166034379988003 0.21158925866638956]
[0.11610450851530896 0.8881500274833365 0.07063575982867232 0.958559839062242 0.9288172790787919 0.6519261250459888 0.9023116501415296 0.3310619179477945 0.2202432485909841 0.8003571791587814]
[0.853962416979097 0.08178221491246851 0.21994439639939578 0.08661855002960406 0.37929772339123324 0.861219999272093 0.7320640141207302 0.2443723301153412 0.8977480284557314 0.377631884823195]
[0.8226388261000832 0.5881422080829074 0.12960524906723714 0.02703739269515193 0.5269517245843103 0.891333963426109 0.5605187328442437 0.5671988552376998 0.46285399897090596 0.21219396458067907]
[0.36345541103177026 0.19389273569292442 0.3328676308533025 0.16206963554383857 0.5866769337374934 0.5186473409357304 0.5379695341575834 0.666999132040461 0.3067330558618162 0.3870952958280943]
[0.07340772113547323 0.956456940239779 0.788101943797355 0.8564001475727525 0.2736586205518219 0.7726599636735145 0.4055327607821344 0.8808169674739817 0.7560162720786961 0.14501852382244695]
[0.18005238652339628 0.6352353736417153 0.9300758454199235 0.3398682797656931 0.7678874968390026 0.9573825212313877 0.038442463534669624 0.7224433492967974 0.7052311457231307 0.5540311222082593]
[0.27712034930490226 0.5986563482515647 0.2950592701660727 0.2750977878861861 0.4941147595759028 0.3213145869886854 0.19292181310222856 0.24936019661382314 0.0808693365040094 0.580620308136904]
[0.2955504103796823 0.054910085584748525 0.6493900408602157 0.5952542949681267 0.8484104427690695 0.8260666719625733 0.7979892306496053 0.7948995696695812 0.7800968538143971 0.6649208324561275]
[0.30324648520068187 0.07624357929769476 0.014999499290208274 0.4789594352501564 0.34755823186383616 0.9580398885990906 0.4099640891832458 0.4940218447875019 0.8759181569982243 0.35760191583925405]
[0.47983088868234236 0.03683919651255119 0.4073572376299922 0.9101838274429915 0.0972055885796459 0.7839740885271961 0.2665214224438741 0.36142532409593486 0.5641849573344687 0.6233470086782921]
[0.595798780213239 0.06480743300092762 0.4584610966651693 0.2489037516966668 0.4643721247690734 0.009260227432708934 0.6746067684540675 0.029137641208041076 0.1701070823179971 0.3710151765511037]
[0.08248498996376907 0.6211681679668524 0.21389929409067077 0.16127719974201238 0.5860343768510194 0.9987046133832165 0.06168283813369191 0.32996189747079074 0.7622842017804348 0.7979763598517303]
[0.567367451419036 0.17162787715589922 0.25751312148921224 0.49512644011589835 0.7766401489146194 0.3012066419888646 0.4023855902532356 0.49848328731718383 0.005965826713605349 0.3317549901562078]
[0.2746097386448998 0.4732668003191265 0.7285123119922968 0.8057710862487539 0.6715639256686079 0.2936443305629526 0.08065141519550856 0.9808047038703788 0.8391569593716732 0.32020400677233174]
[0.39980351653223767 0.12659476434683092 0.365328284938108 0.3088955668385225 0.6250458006439991 0.0007882197738039443 0.6536673241314422 0.8621334378926034 0.12125118096379783 0.3512989304934889]
[0.3493998127578979 0.6209561025563382 0.5035374490726278 0.5753007219300702 0.9403873474262209 0.14677579946105557 0.7754485481593136 0.7150570860782886 0.1063993909571308 0.33090343626471463]
[0.6305583108858519 0.3640723557222373 0.479802067802685 0.8932356247984627 0.9822362104939167 0.03612698188954688 0.14060571661909393 0.14237666151724937 0.48190760102607577 0.39994333045490293]
[0.1970428663221233 0.14745992133414076 0.6152250971502833 0.6301073304026319 0.8929662183660574 0.5081122195953776 0.36367223925063086 0.46461281291618484 0.060958881846870594 0.7907458876179648]
[0.8356884694937846 0.2121416588202657 0.6909441758196218 0.1892380514544323 0.7964324563101148 0.10840820279344843 0.874399140241188 0.3990128375859848 0.7213295228104186 0.7236180828980533]
[0.8668179230850652 0.5758339563900717 0.9301666621045752 0.8736935804166108 0.3445568254526975 0.1935402834383022 0.29642570202548535 0.778349626996016 0.7769288325402884 0.760049978194929]
[0.9978191634094588 0.21456416131029854 0.356033942414432 0.3615959637585021 0.40356966462594535 0.7929433809163063 0.8617302378600045 0.9509538906022282 0.875193612585715 0.5050745405682041]
[0.19573994399879358 0.2805137681027693 0.5133570598063121 0.13827572963408008 0.2161231713599585 0.8455644009782705 0.7249236078041734 0.20670070819920006 0.08223280470283834 0.37283179705989555]
[0.31993748588067794 0.6980997303189681 0.29166260806120836 0.35000237544612967 0.08844494337132136 0.3080628451883676 0.7698496659287697 0.5112208496020828 0.2886982564622229 0.6712353354206587]
[0.9852038538557671 0.8235859930844924 0.8103681165987371 0.48157544531992436 0.30555029718556204 0.3713774518530273 0.16727504327154652 0.26938692675137565 0.7852424780388583 0.24058184253042036]
[0.461060145835392 0.11070592557723291 0.11707274577450877 0.24307847317683273 0.607256060671515 0.9677272370080131 0.8904198057784091 0.7734496136244245 0.4078050132618629 0.3670395230595218]
[0.28237636001736977 0.1290797385693494 0.7656510904500725 0.28856287081277454 0.5386670563084862 0.5144084746294627 0.38398932492943527 0.03739495722858621 0.21150025349802903 0.7747592874549474]
[0.9824641946674643 0.5919958994627127 0.6634415425125051 0.16173900261667873 0.42097600600734886 0.3211027385082983 0.07143286105457236 0.5479609932753533 0.18461147074452078 0.014913480901200593]
